image: 1103_6class.pgm
resolution: 0.050000
origin: [-6.241770, -10.391086, 0.000000]
negate: 0
occupied_thresh: 0.65
free_thresh: 0.196

