image: 6class.pgm
resolution: 0.050000
origin: [13.233859, -51.624608, 0.000000]
negate: 0
occupied_thresh: 0.65
free_thresh: 0.196

