image: capture.pgm
resolution: 0.050000
origin: [-14.137329, -13.693876, 0.000000]
negate: 0
occupied_thresh: 0.65
free_thresh: 0.196

