image: wifitestmap.pgm
resolution: 0.050000
origin: [-10.074734, -10.762079, 0.000000]
negate: 0
occupied_thresh: 0.65
free_thresh: 0.196

